var_name,offset,pre-run-data,post-run-data
conv.i,0,224,224
conv.i,1,196,196
conv.i,2,255,255
conv.i,3,255,255
conv.i238,0,130,130
conv.i238,1,231,231
conv.i238,2,255,255
conv.i238,3,255,255
conv30249,0,14,14
conv30249,1,0,0
conv30249,2,0,0
conv30249,3,0,0
fi,0,0,0
fi,1,0,0
fi,2,0,0
fi,3,0,0
fi,4,0,0
fi,5,0,0
fi,6,0,0
fi,7,0,0
fi,8,0,0
fi,9,0,0
fi,10,0,0
fi,11,0,0
fi,12,0,0
fi,13,0,0
fi,14,0,0
fi,15,0,0
fi,16,0,0
fi,17,0,0
fi,18,0,0
fi,19,0,0
fi,20,0,0
fi,21,0,0
fi,22,0,0
fi,23,0,0
fi,24,0,0
fi,25,0,0
fi,26,0,0
fi,27,0,0
fi,28,0,0
fi,29,0,0
fi,30,0,0
fi,31,0,0
fi,32,0,0
fi,33,0,0
fi,34,0,0
fi,35,0,0
fi,36,0,0
fi,37,0,0
fi,38,0,0
fi,39,0,0
fi,40,0,0
fi,41,0,0
fi,42,0,0
fi,43,0,0
fi,44,0,0
fi,45,0,0
fi,46,0,0
fi,47,0,0
fi,48,0,0
fi,49,0,0
fi,50,0,0
fi,51,0,0
fi,52,0,0
fi,53,0,0
fi,54,0,0
fi,55,0,0
fi,56,0,0
fi,57,0,0
fi,58,0,0
fi,59,0,0
fi,60,0,0
fi,61,0,0
fi,62,0,0
fi,63,0,0
fi,64,0,0
fi,65,0,0
fi,66,0,0
fi,67,0,0
fi,68,0,0
fi,69,0,0
fi,70,0,0
fi,71,0,0
fi,72,0,0
fi,73,0,0
fi,74,0,0
fi,75,0,0
fi,76,0,0
fi,77,0,0
fi,78,0,0
fi,79,0,0
fi,80,0,0
fi,81,0,0
fi,82,0,0
fi,83,0,0
fi,84,0,0
fi,85,0,0
fi,86,0,0
fi,87,0,0
fi,88,0,0
fi,89,0,0
fi,90,0,0
fi,91,0,0
fi,92,0,0
fi,93,0,0
fi,94,0,0
fi,95,0,0
fi,96,0,0
fi,97,0,0
fi,98,0,0
fi,99,0,0
fi,100,0,0
fi,101,0,0
fi,102,0,0
fi,103,0,0
fi,104,0,0
fi,105,0,0
fi,106,0,0
fi,107,0,0
fi,108,0,0
fi,109,0,0
fi,110,0,0
fi,111,0,0
fi,112,0,0
fi,113,0,0
fi,114,0,0
fi,115,0,0
fi,116,0,0
fi,117,0,0
fi,118,0,0
fi,119,0,0
fi,120,0,0
fi,121,0,0
fi,122,0,0
fi,123,0,0
fi,124,0,0
fi,125,0,0
fi,126,0,0
fi,127,0,0
fr,0,244,244
fr,1,1,1
fr,2,0,0
fr,3,0,0
fr,4,0,0
fr,5,0,0
fr,6,0,0
fr,7,0,0
fr,8,0,0
fr,9,0,0
fr,10,0,0
fr,11,0,0
fr,12,0,0
fr,13,0,0
fr,14,0,0
fr,15,0,0
fr,16,0,0
fr,17,0,0
fr,18,0,0
fr,19,0,0
fr,20,0,0
fr,21,0,0
fr,22,0,0
fr,23,0,0
fr,24,0,0
fr,25,0,0
fr,26,0,0
fr,27,0,0
fr,28,0,0
fr,29,0,0
fr,30,0,0
fr,31,0,0
fr,32,0,0
fr,33,0,0
fr,34,0,0
fr,35,0,0
fr,36,0,0
fr,37,0,0
fr,38,0,0
fr,39,0,0
fr,40,0,0
fr,41,0,0
fr,42,0,0
fr,43,0,0
fr,44,0,0
fr,45,0,0
fr,46,0,0
fr,47,0,0
fr,48,0,0
fr,49,0,0
fr,50,0,0
fr,51,0,0
fr,52,0,0
fr,53,0,0
fr,54,0,0
fr,55,0,0
fr,56,0,0
fr,57,0,0
fr,58,0,0
fr,59,0,0
fr,60,0,0
fr,61,0,0
fr,62,0,0
fr,63,0,0
fr,64,244,244
fr,65,1,1
fr,66,0,0
fr,67,0,0
fr,68,0,0
fr,69,0,0
fr,70,0,0
fr,71,0,0
fr,72,0,0
fr,73,0,0
fr,74,0,0
fr,75,0,0
fr,76,0,0
fr,77,0,0
fr,78,0,0
fr,79,0,0
fr,80,0,0
fr,81,0,0
fr,82,0,0
fr,83,0,0
fr,84,0,0
fr,85,0,0
fr,86,0,0
fr,87,0,0
fr,88,0,0
fr,89,0,0
fr,90,0,0
fr,91,0,0
fr,92,0,0
fr,93,0,0
fr,94,0,0
fr,95,0,0
fr,96,0,0
fr,97,0,0
fr,98,0,0
fr,99,0,0
fr,100,0,0
fr,101,0,0
fr,102,0,0
fr,103,0,0
fr,104,0,0
fr,105,0,0
fr,106,0,0
fr,107,0,0
fr,108,0,0
fr,109,0,0
fr,110,0,0
fr,111,0,0
fr,112,0,0
fr,113,0,0
fr,114,0,0
fr,115,0,0
fr,116,0,0
fr,117,0,0
fr,118,0,0
fr,119,0,0
fr,120,0,0
fr,121,0,0
fr,122,0,0
fr,123,0,0
fr,124,0,0
fr,125,0,0
fr,126,0,0
fr,127,0,0
l.1250,0,16,16
l.1250,1,0,0
l.1250,2,0,0
l.1250,3,0,0
loopend,0,0,1
loopstart,0,1,0
manupa1,0,1,1
manupa1,1,0,0
manupa1,2,0,0
manupa1,3,0,0
shl28,0,32,32
shl28,1,0,0
shl28,2,0,0
shl28,3,0,0
