0.00 
0.00 0.00 0.00 0.00 0.00 0.00 0.00 0.00 0.00 0.00 0.00 0.00 0.00 0.00 0.00 0.00 0.00 0.00 0.00 0.00 
0.00 0.00 0.00 0.00 0.00 0.00 0.00 0.00 0.00 0.00 0.00 0.00 0.03 0.06 0.09 0.12 0.16 0.19 0.22 0.25 
0.28 0.31 0.34 0.38 0.41 0.44 0.47 0.50 0.53 0.56 0.59 0.62 0.66 0.69 0.72 0.75 0.78 0.81 0.84 0.88 
0.91 0.94 0.97 0.00 0.06 0.12 0.19 0.25 0.31 0.38 0.44 0.50 0.56 0.62 0.69 0.75 0.81 0.88 0.94 1.00 
1.06 1.12 1.19 1.25 1.31 1.38 1.44 1.50 1.56 1.62 1.69 1.75 1.81 1.88 1.94 0.00 0.09 0.19 0.28 0.38 
0.47 0.56 0.66 0.75 0.84 0.94 1.03 1.12 1.22 1.31 1.41 1.50 1.59 1.69 1.78 1.88 1.97 2.06 2.16 2.25 
2.34 2.44 2.53 2.62 2.72 2.81 2.91 0.00 0.12 0.25 0.38 0.50 0.62 0.75 0.88 1.00 1.12 1.25 1.38 1.50 
1.62 1.75 1.88 2.00 2.12 2.25 2.38 2.50 2.62 2.75 2.88 3.00 3.12 3.25 3.38 3.50 3.62 3.75 3.88 0.00 
0.16 0.31 0.47 0.62 0.78 0.94 1.09 1.25 1.41 1.56 1.72 1.88 2.03 2.19 2.34 2.50 2.66 2.81 2.97 3.12 
3.28 3.44 3.59 3.75 3.91 4.06 4.22 4.38 4.53 4.69 4.84 0.00 0.19 0.38 0.56 0.75 0.94 1.12 1.31 1.50 
1.69 1.88 2.06 2.25 2.44 2.62 2.81 3.00 3.19 3.38 3.56 3.75 3.94 4.12 4.31 4.50 4.69 4.88 5.06 5.25 
5.44 5.62 5.81 0.00 0.22 0.44 0.66 0.88 1.09 1.31 1.53 1.75 1.97 2.19 2.41 2.62 2.84 3.06 3.28 3.50 
3.72 3.94 4.16 4.38 4.59 4.81 5.03 5.25 5.47 5.69 5.91 6.12 6.34 6.56 6.78 0.00 0.25 0.50 0.75 1.00 
1.25 1.50 1.75 2.00 2.25 2.50 2.75 3.00 3.25 3.50 3.75 4.00 4.25 4.50 4.75 5.00 5.25 5.50 5.75 6.00 
6.25 6.50 6.75 7.00 7.25 7.50 7.75 0.00 0.28 0.56 0.84 1.12 1.41 1.69 1.97 2.25 2.53 2.81 3.09 3.38 
3.66 3.94 4.22 4.50 4.78 5.06 5.34 5.62 5.91 6.19 6.47 6.75 7.03 7.31 7.59 7.88 8.16 8.44 8.72 0.00 
0.31 0.62 0.94 1.25 1.56 1.88 2.19 2.50 2.81 3.12 3.44 3.75 4.06 4.38 4.69 5.00 5.31 5.62 5.94 6.25 
6.56 6.88 7.19 7.50 7.81 8.12 8.44 8.75 9.06 9.38 9.69 0.00 0.34 0.69 1.03 1.38 1.72 2.06 2.41 2.75 
3.09 3.44 3.78 4.12 4.47 4.81 5.16 5.50 5.84 6.19 6.53 6.88 7.22 7.56 7.91 8.25 8.59 8.94 9.28 9.62 
9.97 10.31 10.66 0.00 0.38 0.75 1.12 1.50 1.88 2.25 2.62 3.00 3.38 3.75 4.12 4.50 4.88 5.25 5.62 6.00 
6.38 6.75 7.12 7.50 7.88 8.25 8.62 9.00 9.38 9.75 10.12 10.50 10.88 11.25 11.62 0.00 0.41 0.81 1.22 1.62 
2.03 2.44 2.84 3.25 3.66 4.06 4.47 4.88 5.28 5.69 6.09 6.50 6.91 7.31 7.72 8.12 8.53 8.94 9.34 9.75 
10.16 10.56 10.97 11.38 11.78 12.19 12.59 0.00 0.44 0.88 1.31 1.75 2.19 2.62 3.06 3.50 3.94 4.38 4.81 5.25 
5.69 6.12 6.56 7.00 7.44 7.88 8.31 8.75 9.19 9.62 10.06 10.50 10.94 11.38 11.81 12.25 12.69 13.12 13.56 0.00 
0.47 0.94 1.41 1.88 2.34 2.81 3.28 3.75 4.22 4.69 5.16 5.62 6.09 6.56 7.03 7.50 7.97 8.44 8.91 9.38 
9.84 10.31 10.78 11.25 11.72 12.19 12.66 13.12 13.59 14.06 14.53 0.00 0.50 1.00 1.50 2.00 2.50 3.00 3.50 4.00 
4.50 5.00 5.50 6.00 6.50 7.00 7.50 8.00 8.50 9.00 9.50 10.00 10.50 11.00 11.50 12.00 12.50 13.00 13.50 14.00 
14.50 15.00 15.50 0.00 0.53 1.06 1.59 2.12 2.66 3.19 3.72 4.25 4.78 5.31 5.84 6.38 6.91 7.44 7.97 8.50 
9.03 9.56 10.09 10.62 11.16 11.69 12.22 12.75 13.28 13.81 14.34 14.88 15.41 15.94 16.47 0.00 0.56 1.12 1.69 2.25 
2.81 3.38 3.94 4.50 5.06 5.62 6.19 6.75 7.31 7.88 8.44 9.00 9.56 10.12 10.69 11.25 11.81 12.38 12.94 13.50 
14.06 14.62 15.19 15.75 16.31 16.88 17.44 0.00 0.59 1.19 1.78 2.38 2.97 3.56 4.16 4.75 5.34 5.94 6.53 7.12 
7.72 8.31 8.91 9.50 10.09 10.69 11.28 11.88 12.47 13.06 13.66 14.25 14.84 15.44 16.03 16.62 17.22 17.81 18.41 0.00 
0.62 1.25 1.88 2.50 3.12 3.75 4.38 5.00 5.62 6.25 6.88 7.50 8.12 8.75 9.38 10.00 10.62 11.25 11.88 12.50 
13.12 13.75 14.38 15.00 15.62 16.25 16.88 17.50 18.12 18.75 19.38 0.00 0.66 1.31 1.97 2.62 3.28 3.94 4.59 5.25 
5.91 6.56 7.22 7.88 8.53 9.19 9.84 10.50 11.16 11.81 12.47 13.12 13.78 14.44 15.09 15.75 16.41 17.06 17.72 18.38 
19.03 19.69 20.34 0.00 0.69 1.38 2.06 2.75 3.44 4.12 4.81 5.50 6.19 6.88 7.56 8.25 8.94 9.62 10.31 11.00 
11.69 12.38 13.06 13.75 14.44 15.12 15.81 16.50 17.19 17.88 18.56 19.25 19.94 20.62 21.31 0.00 0.72 1.44 2.16 2.88 
3.59 4.31 5.03 5.75 6.47 7.19 7.91 8.62 9.34 10.06 10.78 11.50 12.22 12.94 13.66 14.38 15.09 15.81 16.53 17.25 
17.97 18.69 19.41 20.12 20.84 21.56 22.28 0.00 0.75 1.50 2.25 3.00 3.75 4.50 5.25 6.00 6.75 7.50 8.25 9.00 
9.75 10.50 11.25 12.00 12.75 13.50 14.25 15.00 15.75 16.50 17.25 18.00 18.75 19.50 20.25 21.00 21.75 22.50 23.25 0.00 
0.78 1.56 2.34 3.12 3.91 4.69 5.47 6.25 7.03 7.81 8.59 9.38 10.16 10.94 11.72 12.50 13.28 14.06 14.84 15.62 
16.41 17.19 17.97 18.75 19.53 20.31 21.09 21.88 22.66 23.44 24.22 0.00 0.81 1.62 2.44 3.25 4.06 4.88 5.69 6.50 
7.31 8.12 8.94 9.75 10.56 11.38 12.19 13.00 13.81 14.62 15.44 16.25 17.06 17.88 18.69 19.50 20.31 21.12 21.94 22.75 
23.56 24.38 25.19 0.00 0.84 1.69 2.53 3.38 4.22 5.06 5.91 6.75 7.59 8.44 9.28 10.12 10.97 11.81 12.66 13.50 
14.34 15.19 16.03 16.88 17.72 18.56 19.41 20.25 21.09 21.94 22.78 23.62 24.47 25.31 26.16 0.00 0.88 1.75 2.62 3.50 
4.38 5.25 6.12 7.00 7.88 8.75 9.62 10.50 11.38 12.25 13.12 14.00 14.88 15.75 16.62 17.50 18.38 19.25 20.12 21.00 
21.88 22.75 23.62 24.50 25.38 26.25 27.12 0.00 0.91 1.81 2.72 3.62 4.53 5.44 6.34 7.25 8.16 9.06 9.97 10.88 
11.78 12.69 13.59 14.50 15.41 16.31 17.22 18.12 19.03 19.94 20.84 21.75 22.66 23.56 24.47 25.38 26.28 27.19 28.09 0.00 
0.94 1.88 2.81 3.75 4.69 5.62 6.56 7.50 8.44 9.38 10.31 11.25 12.19 13.12 14.06 15.00 15.94 16.88 17.81 18.75 
19.69 20.62 21.56 22.50 23.44 24.38 25.31 26.25 27.19 28.12 29.06 0.00 0.97 1.94 2.91 3.88 4.84 5.81 6.78 7.75 
8.72 9.69 10.66 11.62 12.59 13.56 14.53 15.50 16.47 17.44 18.41 19.38 20.34 21.31 22.28 23.25 24.22 25.19 26.16 27.12 
28.09 29.06 30.03 
